#convert...
1
2
3
4
5
6
7
8
9
10
11
13
16
17
19
20
21
22
23
25
26
27
28
29
32
35
39
42
43
46
48
50
52
53
54
57
58
60
61
62
63
64
65
66
68
69
71
73
77
78
83
86
87
88
91
93
102
111
118
119
120
127
130
131
132
147
149
155
165
174
177
181
183
197
200
208
220
242
243
246
247
249
322
341
380
381
384
385
387
388
393
394
401
402
403
422
432
433
449
450
452
494
495
496
499
502
503
505
506
509
510
511
512
513
514
518
520
526
544
548
556
557
558
566
567
568
573
577
582
583
586
638
660
661
676
737
750
756
760
761
776
791
795
799
800
802
804
811
823
827
839
849
860
861
862
866
868
883
889
896
955
962
965
970
975
1008
1021
1022
1023
1029
1030
1031
1038
1041
1070
1095
1185
1193
1195
1206
1229
1372
1463
1596
1646
1654
1655
1657
1658
1662
1663
1669
1670
1674
1675
1676
1677
1678
1679
1682
1686
1707
1708
1719
1720
1722
1726
1738
1799
1804
1811
1813
1816
1819
1821
1822
1823
1824
1828
1833
1834
1835
1842
1847
1849
1853
1854
1855
1860
1868
1873
1877
1878
1879
1882
1888
1894
1907
1908
1934
1935
1940
1946
1968
1980
1988
2023
2025
2038
2041
2045
2047
2048
2063
2067
2074
2078
2081
2109
2115
2116
2118
2141
2142
2144
2145
2147
2148
2174
2177
2234
2293
2304
2306
2317
2351
2359
2363
2365
2368
2446
2447
2449
2451
2454
2455
2456
2458
2461
2462
2464
2465
2467
2474
2475
2494
2505
2510
2518
2523
2527
2529
2533
2535
2536
2546
2547
2550
2555
2560
2569
2578
2593
2596
2646
2736
2758
2759
2760
2762
2764
2771
2774
2775
2786
2803
2812
2817
2818
2819
2826
2827
2828
2829
2870
2871
2872
2887
2895
2897
2898
2922
2929
3000
3044
3057
3062
3078
3082
3084
3087
3088
3094
3098
3099
3102
3103
3107
3112
3115
3118
3126
3127
3130
3133
3138
3140
3141
3185
3233
3302
3304
3311
3313
3341
3365
3392
3397
3400
3402
3424
3430
3436
3454
3458
3488
3505
3506
3509
3515
3516
3558
3565
3569
3571
3585
3587
3589
3593
3598
3600
3602
3615
3624
3641
3643
3678
3679
3680
3707
3718
3738
3739
3774
3775
3795
3804
3805
3806
3808
3809
3813
3815
3820
3821
3822
3826
3830
3835
3841
3868
3943
3946
3964
3988
4014
4027
4094
4095
4099
4101
4104
4109
4135
4164
4166
4222
4224
4227
4234
4235
4236
4237
4239
4240
4252
4279
4326
4330
4336
4349
4351
4357
4362
4363
4364
4365
4367
4373
4378
4416
4419
4434
4438
4482
4527
4548
4584
4585
4586
4598
4599
4607
4619
4621
4622
4624
4687
4688
4689
4756
4769
4772
4812
4826
4902
4954
4967
4999
5008
5017
5027
5041
5083
5116
5122
5123
5146
5148
5149
5150
5177
5184
5188
5200
5246
5264
5268
5272
5273
5284
5290
5318
5329
5337
5342
5344
5352
5353
5356
5377
5388
5428
5437
5441
5448
5453
5458
5460
5475
5492
5502
5528
5529
5530
5531
5532
5535
5537
5540
5564
5575
5614
5625
5644
5646
5657
5711
5735
5739
5745
5753
5757
5764
5768
5770
5771
5785
5794
5802
5809
5837
5840
5849
5866
5869
5873
5900
5919
5962
5965
6061
6063
6072
6083
6152
6185
6188
6190
6273
6277
6307
6365
6405
6430
2292
531
103
3754
2571
550
304
1085
2051
847
3210
3897
500
49
44
1944
2814
4851
5183
2925
36
763
2540
5204
5044
1945
138
950
166
2579
2398
212
2602
3253
5075
2611
2075
884
82
3261
2849
2543
217
1897
803
1809
602
1699
2552
2542
2904
389
89
6121
2565
156
1755
1949
2903
1680
2453
4753
109
1871
2811
781
1858
2822
2470
2043
101
748
3272
391
5781
430
221
5317
457
752
6317
1002
258
770
848
2328
743
2214
2544
749
392
106
436
2563
3182
2566
2783
3121
569
3252
159
383
2459
2487
2472
2553
373
3197
3457
5187
3934
3554
4884
1239
766
3285
424
2756
2299
874
4001
3905
2564
751
2352
2824
122
2862
1571
124
2231
2210
1386
1418
3227
738
742
3700
4873
2777
3929
521
5858
1324
1434
3832
888
5671
2381
218
4177
3674
3468
2400
4989
2950
112
3927
139
935
1904
5186
563
2534
3375
3648
136
878
5449
3406
2452
3999
604
1183
3080
3089
1958
3772
2517
5320
3234
837
4516
1661
2806
3750
4512
2119
3006
2087
40
4651
988
576
1298
4515
2151
1039
1745
135
1681
1359
3353
5219
3522
4914
4583
3510
4396
1817
1818
5747
3300
4344
3695
6422
4369
3720
923
855
753
504
6151
3108
5889
6205
2154
6336
2538
2652
4040
3843
4960
2893
4155
3818
3942
5398
6023
6274
5892
398
3677
3785
2333
5641
2468
2466
2448
3494
4955
3114
836
3231
1279
3054
3106
507
6427
5608
4956
555
3104
3091
5609
5050
5606
4311
5022
2924
1186
55
3348
3941
5197
3456
3908
581
5190
4066
863
3827
5286
5305
2548
3136
1943
5661
2127
3395
4995
3807
4163
1933
3749
2106
4864
6189
4761
4901
4118
5543
4339
5855
4348
1840
3093
6418
133
5755
4803
4809
3614
3398
5756
3343
1861
4247
5212
3340
2520
4623
4618
4909
1673
4074
4834
4713
2585
6147
5930
5931
6374
3144
4805
5994
2816
5058
5607
5650
4646
1970
2896
6028
3967
2485
6006
2478
5613
3366
1891
6010
5205
1712
4592
5673
6062
3811
1805
4368
662
59
501
3825
5485
5367
4187
5936
5497
4775
2613
1027
5358
5359
5351
6141
5819
4485
3464
3134
3869
585
3500
4744
5839
1820
6217
4127
5420
3601
4835
3996
3391
4740
6095
5629
1192
1194
1204
3113
5924
5925
3405
4726
5752
2176
5542
474
6183
1032
3083
5740
4317
5961
5957
6238
3243
5861
4848
2754
3848
1730
3693
2860
3407
2113
3369
4682
4681
248
3588
2537
5147
4343
2876
1851
4944
5021
4333
4637
5868
6193
1825
3148
5749
4840
6176
5546
4386
797
1733
3492
3586
3605
4815
4518
5647
#solution size: 1052
#recursive steps: 0
#recursive steps (constrained): 0
#first lower bound difference: 0
#high degree rules: 0
#degree zero rules: 1044
#extreme reduction rules: 0
#degree one rules: 1044
#degree two rules: 4
#domination rules: 0
#lower bounds: 0
